10,3  0
13,19  0
10,4  0
10,15  0
11,5  0
11,14  0
10,5  0
10,14  0
9,15  1
9,4  1
11,4  0
11,15  0
9,3  0
9,16  0
8,4  1
13,19  0
10,4  1
10,15  1
9,5  1
9,14  1
10,5  1
10,14  1
10,13  1
11,4  0
11,13  1
9,3  0
9,13  0
8,4  1
13,19  0
10,4  1
10,15  0
9,5  1
10,12  1
10,5  1
9,14  1
11,4  0
11,13  1
9,3  0
9,13  0
8,4  1
13,19  0
10,4  1
10,14  1
9,5  1
10,12  1
10,5  1
9,14  1
11,4  0
11,13  1
9,3  0
9,13  0
8,4  1
13,19  0
10,4  1
10,14  1
9,5  1
10,12  1
10,5  1
9,14  1
11,4  0
11,13  1
9,3  0
9,13  0
8,4  1
13,19  0
10,4  1
10,14  1
9,5  1
10,12  1
10,5  1
9,14  1
11,4  0
11,13  1
9,3  0
9,13  0
8,4  1
13,19  0
10,4  1
10,14  1
9,5  1
10,12  1
10,5  1
9,14  1
11,4  0
11,13  1
9,3  0
9,13  0
8,4  1
13,19  0
10,4  1
10,14  1
9,5  1
10,12  1
10,5  1
9,14  1
11,4  0
11,13  1
9,3  0
9,13  0
8,4  1
13,19  0
10,4  1
10,14  1
9,5  1
10,12  1
10,5  1
9,14  1
11,4  0
11,13  1
9,3  0
9,13  0
8,4  1
13,19  0
10,4  1
10,14  1
9,5  1
10,12  1
10,5  1
9,14  1
11,4  0
11,13  1
9,3  0
9,13  0
8,4  1
13,19  0
10,4  1
10,14  1
9,5  1
10,12  1
10,5  1
9,14  1
11,4  0
11,13  1
9,3  0
9,13  0
8,4  1
13,19  0
10,4  1
10,14  1
9,5  1
10,12  1
10,5  1
9,14  1
11,4  0
11,13  1
9,3  0
9,13  0
8,4  1
13,19  0
10,4  1
10,14  1
9,5  1
10,12  1
10,5  1
9,14  1
11,4  0
11,13  1
9,3  0
9,13  0
8,4  1
13,19  0
10,4  1
10,14  1
9,5  1
10,12  1
10,5  1
9,14  1
11,4  0
11,13  1
9,3  0
9,13  0
8,4  1
13,19  0
10,4  1
10,14  1
9,5  1
10,12  1
10,5  1
9,14  1
11,4  0
11,13  1
9,3  0
9,13  0
8,4  1
13,19  0
10,4  1
10,14  1
9,5  1
10,12  1
10,5  1
9,14  1
11,4  0
11,13  1
9,3  0
9,13  0
8,4  1
13,19  0
10,4  1
10,14  1
9,5  1
10,12  1
10,5  1
9,14  1
11,4  0
11,13  1
9,3  0
9,13  0
8,4  1
13,19  0
10,4  1
10,14  1
9,5  1
10,12  1
10,5  1
9,14  1
11,4  0
11,13  1
9,3  0
9,13  0
8,4  1
13,19  0
10,4  1
10,14  1
9,5  1
10,12  1
10,5  1
9,14  1
11,4  0
11,13  1
9,3  0
9,13  0
8,4  1
13,19  0
10,4  1
10,14  1
9,5  1
10,12  1
10,5  1
9,14  1
11,4  0
11,13  1
9,3  0
9,13  0
8,4  1
13,19  0
10,4  1
10,14  1
9,5  1
10,12  1
10,5  1
9,14  1
11,4  0
11,13  1
9,3  0
9,13  0
8,4  1
13,19  0
10,4  1
10,14  1
9,5  1
10,12  1
10,5  1
9,14  1
11,4  0
11,13  1
9,3  0
9,13  0
8,4  1
13,19  0
10,4  1
10,14  1
9,5  1
10,12  1
10,5  1
9,14  1
11,4  0
11,13  1
9,3  0
9,13  0
8,4  1
13,19  0
10,4  1
10,14  1
9,5  1
10,12  1
10,5  1
9,14  1
11,4  0
11,13  1
9,3  0
9,13  0
8,4  1
13,19  0
10,4  1
10,14  1
9,5  1
10,12  1
10,5  1
9,14  1
11,4  0
11,13  1
9,3  0
9,13  0
8,4  1
13,19  0
10,4  1
10,14  1
9,5  1
10,12  1
10,5  1
9,14  1
11,4  0
11,13  1
9,3  0
9,13  0
8,4  1
13,19  0
10,4  1
10,14  1
9,5  1
10,12  1
10,5  1
9,14  1
11,4  0
11,13  1
9,3  0
9,13  0
8,4  1
13,19  0
10,4  1
10,14  1
9,5  1
10,12  1
10,5  1
9,14  1
11,4  0
11,13  1
9,3  0
9,13  0
8,4  1
13,19  0
10,4  1
10,14  1
9,5  1
10,12  1
10,5  1
9,14  1
11,4  0
11,13  1
9,3  0
9,13  0
8,4  1
13,19  0
10,4  1
10,14  1
9,5  1
10,12  1
10,5  1
9,14  1
11,4  0
11,13  1
9,3  0
9,13  0
